$ 1 0.000005 10.20027730826997 50 5 43 5e-11
v 144 384 144 256 0 0 40 10 0 0 0.5
w 144 256 176 256 0
w 144 208 176 208 0
w 144 160 176 160 0
s 176 160 256 160 0 0 false
s 176 208 256 208 0 0 false
s 176 256 256 256 0 0 false
w 256 160 336 160 0
w 256 208 336 208 0
w 256 256 336 256 0
r 144 256 144 208 0 1000
r 144 208 144 160 0 1000
r 336 160 416 160 0 2000
r 336 208 416 208 0 2000
r 336 256 416 256 0 2000
w 416 160 416 208 0
w 416 256 416 208 0
w 416 256 480 256 0
r 480 256 480 384 0 2000
g 480 384 544 384 0 0
g 144 384 208 384 0 0
w 416 256 416 320 2
